# Camera parameter file. 

# The format of each camera is as follows:
# Filename (of the undistorted image in visualize folder)
# Original filename
# Focal Length (of the undistorted image)
# 2-vec Principal Point (image center)
# 3-vec Translation T (as in P = K[R T])
# 3-vec Camera Position C (as in P = K[R -RC])
# 3-vec Axis Angle format of R
# 4-vec Quaternion format of R
# 3x3 Matrix format of R
# [Normalized radial distortion] = [radial distortion] * [focal length]^2
# 3-vec Lat/Lng/Alt from EXIF

# The nubmer of cameras in this reconstruction
9

00000000.jpg
D:\documents\uav\workspace\osm-bundler-pmvs2-cmvs-full-32-64\osm-bundler\examples\ET\et001.jpg
676.936035156
320 240
-0.00877954624593 0.00158642511815 0.0172962490469
0.0193251702154 -8.09333787256e-005 -0.00229973224268
-1.21881812106 0.873981835418 0.769340126511
0.665375414416 -0.539783391609 0.387064215058 0.34072107693
0.468180984259 -0.871276438236 0.147254824638
0.0355532728136 0.185086190701 0.982078969479
-0.882917225361 -0.454555422068 0.117630593479
0.145514829033
0 0 0

00000001.jpg
D:\documents\uav\workspace\osm-bundler-pmvs2-cmvs-full-32-64\osm-bundler\examples\ET\et004.jpg
680.482299805
320 240
0.960230529308 0.103390701115 -0.104489885271
-0.781804855943 0.574290971408 0.0512060831745
-1.44224624487 0.436133400803 0.717393171156
0.671617272065 -0.640309792644 0.193628853898 0.318498920903
0.722132921219 -0.675783753395 -0.147786945105
0.179853752255 -0.0228763259947 0.983427286148
-0.667964875698 -0.736745178699 0.105022445321
0.140151748513
0 0 0

00000002.jpg
D:\documents\uav\workspace\osm-bundler-pmvs2-cmvs-full-32-64\osm-bundler\examples\ET\et000.jpg
676.407897949
320 240
0.0659370794892 -0.679322063923 -0.159738630056
-0.284776437288 -0.000191279221967 0.640503739315
-1.46606901863 0.945399328056 0.668887641442
0.594501844398 -0.630978551914 0.406888551231 0.287881232074
0.503132641315 -0.855767607689 0.120498143137
-0.171183913946 0.0379811376333 0.98450678587
-0.847085833549 -0.515964865685 -0.127384006977
0.129494922627
0 0 0

00000003.jpg
D:\documents\uav\workspace\osm-bundler-pmvs2-cmvs-full-32-64\osm-bundler\examples\ET\et003.jpg
679.058654785
320 240
0.00700174784288 -0.812632203102 -0.0928748548031
-0.261195798936 -0.0750316769091 0.771487424659
-1.55764287127 0.98767088114 0.70846947841
0.550456128646 -0.658183391128 0.417341215922 0.299364412994
0.47241461277 -0.878948032856 0.0653828456998
-0.219800129533 -0.0456486418843 0.974476337433
-0.853529274464 -0.474727988243 -0.214758172631
0.130882414182
0 0 0

00000004.jpg
D:\documents\uav\workspace\osm-bundler-pmvs2-cmvs-full-32-64\osm-bundler\examples\ET\et002.jpg
677.722412109
320 240
0.00417920248583 0.449910789728 0.138642296195
-0.0068212160297 0.00137501112055 -0.470755147386
-1.11907039856 0.70049912047 0.960763138116
0.684843629158 -0.499417101335 0.312617723321 0.428767968598
0.436856418848 -0.899531185627 -7.98510882305e-005
0.275024861097 0.133481100202 0.952125966549
-0.856456875801 -0.415964514017 0.305705666542
0.141754914648
0 0 0

00000005.jpg
D:\documents\uav\workspace\osm-bundler-pmvs2-cmvs-full-32-64\osm-bundler\examples\ET\et005.jpg
696.124267578
320 240
0.0274887308478 1.94359767437 0.740664064884
-1.48127416227 0.13735866176 -1.45391544705
-0.739067248589 -0.10321134055 1.20527904993
0.759145787853 -0.339359816981 -0.0473918736168 0.553431745996
0.382934868336 -0.808105051517 -0.447579711676
0.872436463833 0.157096654177 0.462790817022
-0.303670346737 -0.567703485489 0.76517778635
0.152380458622
0 0 0

00000006.jpg
D:\documents\uav\workspace\osm-bundler-pmvs2-cmvs-full-32-64\osm-bundler\examples\ET\et008.jpg
692.497009277
320 240
0.712129294872 -2.46012306213 1.31174874306
-2.1274523635 0.000901959803038 -1.93751515737
-0.308839936132 0.589678832306 -1.61888428832
0.640844528452 -0.135447776423 0.258615150747 -0.709993273166
-0.141944497824 0.839933037758 0.523798167706
-0.980048179626 -0.044872969389 -0.193628296256
-0.139130249619 -0.540832161903 0.829544305801
0.138245747983
0 0 0

00000007.jpg
D:\documents\uav\workspace\osm-bundler-pmvs2-cmvs-full-32-64\osm-bundler\examples\ET\et007.jpg
697.577880859
320 240
-0.0480037741363 2.11011791229 1.01056802273
-1.43748398092 -0.0197693161143 -1.84645547034
-0.623634812354 0.0494359474736 1.23191236453
0.770718795841 -0.287600439342 0.0227982786256 0.568118601222
0.353443026543 -0.888832986355 -0.29164019227
0.862605750561 0.189054429531 0.469222337008
-0.361924439669 -0.417413920164 0.833532392979
0.143370206266
0 0 0

00000008.jpg
D:\documents\uav\workspace\osm-bundler-pmvs2-cmvs-full-32-64\osm-bundler\examples\ET\et006.jpg
697.790344238
320 240
-0.147783666849 1.88003540039 0.767881691456
-1.1699225083 -0.246315572741 -1.64821911281
-0.626424766262 0.14341530761 1.2037934349
0.776128907495 -0.289470501519 0.066272125968 0.556272210315
0.372338443995 -0.901845514774 -0.219177350402
0.825110256672 0.213536143303 0.523063600063
-0.424920201302 -0.375602096319 0.8236297369
0.137971665427
0 0 0

