# Camera parameter file. 

# The format of each camera is as follows:
# Filename (of the undistorted image in visualize folder)
# Original filename
# Focal Length (of the undistorted image)
# 2-vec Principal Point (image center)
# 3-vec Translation T (as in P = K[R T])
# 3-vec Camera Position C (as in P = K[R -RC])
# 3-vec Axis Angle format of R
# 4-vec Quaternion format of R
# 3x3 Matrix format of R
# [Normalized radial distortion] = [radial distortion] * [focal length]^2
# 3-vec Lat/Lng/Alt from EXIF

# The nubmer of cameras in this reconstruction
11

00000000.jpg
D:\documents\uav\workspace\osm-bundler-pmvs2-cmvs-full-32-64\osm-bundler\examples\kermit\kermit009.jpg
682.666992188
320 240
0.0597949544542 0.0353284909684 -0.030832628369
-0.0568691579275 0.00115028327785 -0.0503861743694
-2.03040386913 0.272387480176 0.0491976370682
0.519447776943 -0.846671155827 0.113584605595 0.0205152388024
0.973355088895 -0.213650704094 0.0832631451885
-0.171024323336 -0.434545015453 0.884263409845
-0.152741938297 -0.874942388941 -0.459506101558
0.134411079057
0 0 0

00000001.jpg
D:\documents\uav\workspace\osm-bundler-pmvs2-cmvs-full-32-64\osm-bundler\examples\kermit\kermit010.jpg
681.059265137
320 240
0.877011200751 -0.0705097771474 -0.0277948783902
-0.880275399754 -5.28213189854e-009 0.00281951988835
-1.99743667075 0.0983978389767 -0.01673088611
0.540332145126 -0.840403167189 0.0413999886612 -0.00703936694594
0.996473041804 -0.0619782166618 0.0565713832979
-0.0771926016307 -0.412654453844 0.907610802739
-0.032907595428 -0.908776581652 -0.415983279735
0.137013169309
0 0 0

00000002.jpg
D:\documents\uav\workspace\osm-bundler-pmvs2-cmvs-full-32-64\osm-bundler\examples\kermit\kermit001.jpg
690.609863281
320 240
0.549910670715 1.60867097159 0.759101570035
-0.535327133347 0.758194894203 -1.61400867409
-1.56365815118 0.0151431338095 0.0152507908394
0.709574017088 -0.704564423516 0.00682330299282 0.0068718118777
0.999812453393 -0.019366967871 1.38777878078e-017
0.00013726876388 0.0070836770692 0.999974982534
-0.0193665540577 -0.999787450633 0.00708501244544
0.11192711876
0 0 0

00000003.jpg
D:\documents\uav\workspace\osm-bundler-pmvs2-cmvs-full-32-64\osm-bundler\examples\kermit\kermit000.jpg
689.787536621
320 240
1.53813629143 1.30143507182 1.18971652946
-1.65269603451 0.847802433491 -1.42297100764
-1.61644079548 -0.118273439997 -0.295891351459
0.679456360486 -0.719861923366 -0.0526716142261 -0.131771555113
0.959724074885 0.254898566312 0.118138558373
-0.103233518698 -0.0711296176639 0.992110751573
0.261290811585 -0.96434829844 -0.0419506739994
0.110702207774
0 0 0

00000004.jpg
D:\documents\uav\workspace\osm-bundler-pmvs2-cmvs-full-32-64\osm-bundler\examples\kermit\kermit007.jpg
690.518920898
320 240
1.01219621232 2.37744543877 1.57990344522
-1.03798811383 0.819518991493 -2.72467473996
-1.32557919826 -0.0614363123243 -0.141705632734
0.785511923915 -0.614688119452 -0.0284888080157 -0.0657107240486
0.98974089808 0.138256582224 0.0360266191539
-0.0682096468528 0.235681173106 0.969433672214
0.125539812732 -0.961945717059 0.242693859262
0.113177528192
0 0 0

00000005.jpg
D:\documents\uav\workspace\osm-bundler-pmvs2-cmvs-full-32-64\osm-bundler\examples\kermit\kermit008.jpg
689.13104248
320 240
0.837368422667 3.18375182775 2.44334027132
-0.864213931139 -7.66007111075e-008 -4.00755554212
-0.924324566197 -0.0239827489421 -0.0329500468954
0.894890236703 -0.445853292457 -0.011568217452 -0.0158936454057
0.999227242316 0.0387615759164 -0.00653208251541
-0.0181306964803 0.601924542942 0.798347159134
0.0348770569001 -0.797611874552 0.602162357729
0.112160928898
0 0 0

00000006.jpg
D:\documents\uav\workspace\osm-bundler-pmvs2-cmvs-full-32-64\osm-bundler\examples\kermit\kermit002.jpg
699.833557129
320 240
-0.792391318531 1.4178166868 1.24674736143
0.98964492958 0.980561073178 -1.50052299284
-1.60822379074 0.180204004817 0.453034522642
0.667274785768 -0.712776091498 0.0798676819512 0.200788085726
0.906610840007 -0.381817316239 -0.179646494103
0.154105991311 -0.0967311258999 0.983307906731
-0.392821255558 -0.919162148289 -0.0288571552215
0.107780084561
0 0 0

00000007.jpg
D:\documents\uav\workspace\osm-bundler-pmvs2-cmvs-full-32-64\osm-bundler\examples\kermit\kermit005.jpg
690.573547363
320 240
2.64161166388 1.12190251841 1.47774012321
-2.72877424525 -4.24074624306e-008 -1.72461146584
-1.53614213959 -0.25134986779 -0.599891520837
0.671857003755 -0.682060902482 -0.111601598084 -0.266357221475
0.833197871292 0.510146185786 0.213382989246
-0.205669673209 -0.0723065367766 0.975946560776
0.51330425046 -0.857043016505 0.0446759994647
0.127035365337
0 0 0

00000008.jpg
D:\documents\uav\workspace\osm-bundler-pmvs2-cmvs-full-32-64\osm-bundler\examples\kermit\kermit003.jpg
717.589599609
320 240
-1.869976295 1.38694723446 1.57290647682
1.94949537593 -0.0250679653337 -2.02319160555
-1.43431686133 0.353240886497 0.815072163542
0.664806335115 -0.635079317402 0.156406152031 0.360893389187
0.690586428856 -0.678509119862 -0.250432238241
0.281187725869 -0.0671394163007 0.957301547248
-0.666351441126 -0.731517466788 0.144422840278
0.115006919052
0 0 0

00000009.jpg
D:\documents\uav\workspace\osm-bundler-pmvs2-cmvs-full-32-64\osm-bundler\examples\kermit\kermit004.jpg
714.767211914
320 240
-2.55975859924 1.10344158216 1.37544514804
1.8183936075 -1.27893380221 -2.17245706571
-1.36920575679 0.493066833026 1.16504115288
0.596158081661 -0.589691651097 0.212354785558 0.501761724
0.406281238738 -0.848706258559 -0.338575284763
0.347810968762 -0.199002032755 0.916201881358
-0.844963371122 -0.489995892598 0.214338627334
0.178146420915
0 0 0

00000010.jpg
D:\documents\uav\workspace\osm-bundler-pmvs2-cmvs-full-32-64\osm-bundler\examples\kermit\kermit006.jpg
673.142456055
320 240
3.37067722886 0.645826349772 2.93540560535
-3.66393900926 -0.747808203045 -2.53209322808
-1.35108112003 -0.351095411015 -1.07119418655
0.637310432028 -0.591703065361 -0.153761478753 -0.469127185908
0.512554169515 0.779921552214 0.359180407834
-0.415997045895 -0.140385655749 0.898464430022
0.751155585647 -0.609929714848 0.252489833322
0.0764362887462
0 0 0

